--------------------TASK A---------------
'Random' original symmetric matrix, A:
    0.8090    -0.8565    -0.5989     0.6960     0.2463     0.7142 
   -0.8565    -0.5872    -0.8919    -0.1257    -0.5657    -0.1205 
   -0.5989    -0.8919    -0.2618    -0.6375     0.0135     0.2750 
    0.6960    -0.1257    -0.6375    -0.1041    -0.6790    -0.1186 
    0.2463    -0.5657     0.0135    -0.6790     0.0169    -0.0965 
    0.7142    -0.1205     0.2750    -0.1186    -0.0965     0.8809 

D is the diagonal matrix with eigenvalues:
   -1.9096     0.0000    -0.0000     0.0000    -0.0000     0.0000 
    0.0000    -1.0650    -0.0000    -0.0000    -0.0000    -0.0000 
   -0.0000    -0.0000    -0.0495     0.0000    -0.0000     0.0000 
    0.0000    -0.0000     0.0000     0.6313     0.0000     0.0000 
   -0.0000     0.0000     0.0000    -0.0000     1.2249     0.0000 
   -0.0000    -0.0000     0.0000     0.0000     0.0000     1.9216 

1) V^t*V=1 :
    1.0000    -0.0000    -0.0000     0.0000    -0.0000    -0.0000 
   -0.0000     1.0000     0.0000     0.0000     0.0000    -0.0000 
   -0.0000     0.0000     1.0000     0.0000     0.0000     0.0000 
    0.0000     0.0000     0.0000     1.0000    -0.0000    -0.0000 
   -0.0000     0.0000     0.0000    -0.0000     1.0000     0.0000 
   -0.0000    -0.0000     0.0000    -0.0000     0.0000     1.0000 

2) V^t*A*V=D:
   -0.5649    -0.5519    -0.2836     0.3624     0.2700    -0.2421 
   -0.5519     0.2423    -0.3216    -0.2142    -0.0401    -1.0438 
   -0.2836    -0.3216     0.2275     0.1811     0.7089     0.2710 
    0.3624    -0.2142     0.1811     1.0511    -0.2927    -1.1550 
    0.2700    -0.0401     0.7089    -0.2927     0.4926     0.3750 
   -0.2421    -1.0438     0.2710    -1.1550     0.3750    -0.6948 

3) V*D*V^t=A :
    0.8090    -0.8565    -0.5989     0.6960     0.2463     0.7142 
   -0.8565    -0.5872    -0.8919    -0.1257    -0.5657    -0.1205 
   -0.5989    -0.8919    -0.2618    -0.6375     0.0135     0.2750 
    0.6960    -0.1257    -0.6375    -0.1041    -0.6790    -0.1186 
    0.2463    -0.5657     0.0135    -0.6790     0.0169    -0.0965 
    0.7142    -0.1205     0.2750    -0.1186    -0.0965     0.8809 

