--------------------TASK A---------------
'Random' original symmetric matrix, A:
   -0.0374     0.4080    -0.3620    -0.6819    -0.9000     0.8463 
    0.4080    -0.1780     0.6037     0.5991    -0.9938     0.9284 
   -0.3620     0.6037    -0.0166     0.3814     0.1187    -0.4971 
   -0.6819     0.5991     0.3814    -0.7719    -0.6546     0.6272 
   -0.9000    -0.9938     0.1187    -0.6546     0.3543    -0.5789 
    0.8463     0.9284    -0.4971     0.6272    -0.5789     0.3646 

D is the diagonal matrix with eigenvalues:
   -1.9641    -0.0000    -0.0000    -0.0000    -0.0000     0.0000 
   -0.0000    -1.3833    -0.0000    -0.0000    -0.0000     0.0000 
   -0.0000    -0.0000    -0.4301    -0.0000     0.0000     0.0000 
   -0.0000    -0.0000    -0.0000    -0.0635    -0.0000    -0.0000 
   -0.0000    -0.0000     0.0000     0.0000     0.9249    -0.0000 
    0.0000     0.0000    -0.0000     0.0000     0.0000     2.6311 

1) V^t*V=1 :
    1.0000     0.0000     0.0000     0.0000    -0.0000    -0.0000 
    0.0000     1.0000     0.0000    -0.0000    -0.0000     0.0000 
    0.0000     0.0000     1.0000    -0.0000     0.0000    -0.0000 
    0.0000    -0.0000    -0.0000     1.0000    -0.0000    -0.0000 
   -0.0000    -0.0000     0.0000    -0.0000     1.0000     0.0000 
   -0.0000     0.0000    -0.0000    -0.0000     0.0000     1.0000 

2) V^t*A*V=D:
   -0.1075     0.3926    -0.4445    -0.0234    -0.5753    -1.1363 
    0.3926    -0.7822    -0.1782    -0.5631     0.3524    -0.7925 
   -0.4445    -0.1782     0.2673     1.1861     0.1043    -0.2253 
   -0.0234    -0.5631     1.1861     0.6214     0.5791     1.0310 
   -0.5753     0.3524     0.1043     0.5791    -0.7452     0.0490 
   -1.1363    -0.7925    -0.2253     1.0310     0.0490     0.4612 

3) V*D*V^t=A :
   -0.0374     0.4080    -0.3620    -0.6819    -0.9000     0.8463 
    0.4080    -0.1780     0.6037     0.5991    -0.9938     0.9284 
   -0.3620     0.6037    -0.0166     0.3814     0.1187    -0.4971 
   -0.6819     0.5991     0.3814    -0.7719    -0.6546     0.6272 
   -0.9000    -0.9938     0.1187    -0.6546     0.3543    -0.5789 
    0.8463     0.9284    -0.4971     0.6272    -0.5789     0.3646 

