--------------------TASK A---------------
'Random' original symmetric matrix, A:
   -0.0115     0.8442     0.4063    -0.6391     0.4554     0.0214 
    0.8442    -0.2400     0.8169     0.1032     0.5405     0.2600 
    0.4063     0.8169    -0.4358     0.0100    -0.4412     0.6549 
   -0.6391     0.1032     0.0100    -0.7719     0.3296    -0.0155 
    0.4554     0.5405    -0.4412     0.3296    -0.5954    -0.2282 
    0.0214     0.2600     0.6549    -0.0155    -0.2282     0.3476 

D is the diagonal matrix with eigenvalues:
   -1.6926    -0.0000     0.0000     0.0000    -0.0000    -0.0000 
   -0.0000    -1.4553     0.0000     0.0000    -0.0000    -0.0000 
    0.0000     0.0000    -0.5596     0.0000    -0.0000    -0.0000 
    0.0000     0.0000    -0.0000    -0.1472    -0.0000     0.0000 
    0.0000    -0.0000    -0.0000    -0.0000     0.6688     0.0000 
    0.0000    -0.0000    -0.0000     0.0000     0.0000     1.4789 

1) V^t*V=1 :
    1.0000    -0.0000    -0.0000     0.0000     0.0000    -0.0000 
   -0.0000     1.0000     0.0000     0.0000    -0.0000    -0.0000 
   -0.0000     0.0000     1.0000    -0.0000    -0.0000     0.0000 
    0.0000     0.0000    -0.0000     1.0000     0.0000     0.0000 
    0.0000    -0.0000    -0.0000     0.0000     1.0000     0.0000 
   -0.0000    -0.0000     0.0000     0.0000     0.0000     1.0000 

2) V^t*A*V=D:
   -0.2390    -0.1148    -0.2461     0.2347     0.6299     0.3760 
   -0.1148    -1.0316     0.3238     0.5544    -0.1495    -0.0565 
   -0.2461     0.3238     0.2618    -0.5272     0.6476    -0.5275 
    0.2347     0.5544    -0.5272    -0.2863     0.1935     0.1932 
    0.6299    -0.1495     0.6476     0.1935     0.4326    -0.8572 
    0.3760    -0.0565    -0.5275     0.1932    -0.8572    -0.8444 

3) V*D*V^t=A :
   -0.0115     0.8442     0.4063    -0.6391     0.4554     0.0214 
    0.8442    -0.2400     0.8169     0.1032     0.5405     0.2600 
    0.4063     0.8169    -0.4358     0.0100    -0.4412     0.6549 
   -0.6391     0.1032     0.0100    -0.7719     0.3296    -0.0155 
    0.4554     0.5405    -0.4412     0.3296    -0.5954    -0.2282 
    0.0214     0.2600     0.6549    -0.0155    -0.2282     0.3476 

