--------------------TASK A---------------
'Random' original symmetric matrix, A:
    0.9137     0.4441     0.2102    -0.8920    -0.9916    -0.6027 
    0.4441     0.7751    -0.0672    -0.0769     0.3170    -0.0586 
    0.2102    -0.0672    -0.4757    -0.0008    -0.3080    -0.5368 
   -0.8920    -0.0769    -0.0008     0.2088     0.4502     0.8193 
   -0.9916     0.3170    -0.3080     0.4502     0.4655    -0.1549 
   -0.6027    -0.0586    -0.5368     0.8193    -0.1549    -0.5109 

D is the diagonal matrix with eigenvalues:
   -1.4458    -0.0000     0.0000     0.0000    -0.0000     0.0000 
   -0.0000    -0.6188    -0.0000    -0.0000     0.0000     0.0000 
   -0.0000    -0.0000    -0.2976     0.0000    -0.0000     0.0000 
    0.0000    -0.0000     0.0000     0.2743     0.0000    -0.0000 
   -0.0000     0.0000    -0.0000     0.0000     0.9896    -0.0000 
    0.0000     0.0000     0.0000    -0.0000     0.0000     2.4748 

1) V^t*V=1 :
    1.0000    -0.0000     0.0000    -0.0000    -0.0000    -0.0000 
   -0.0000     1.0000     0.0000     0.0000    -0.0000     0.0000 
    0.0000     0.0000     1.0000    -0.0000    -0.0000    -0.0000 
   -0.0000     0.0000    -0.0000     1.0000     0.0000     0.0000 
   -0.0000    -0.0000    -0.0000     0.0000     1.0000     0.0000 
   -0.0000     0.0000    -0.0000     0.0000     0.0000     1.0000 

2) V^t*A*V=D:
    1.3503    -0.0516     0.6552     0.7905     0.0067    -0.7367 
   -0.0516    -0.4487    -0.1209    -0.3276    -0.2888    -0.8990 
    0.6552    -0.1209     0.0222     0.2533     0.0048    -0.1280 
    0.7905    -0.3276     0.2533     1.0263     0.5680    -0.3986 
    0.0067    -0.2888     0.0048     0.5680    -0.2785     0.2715 
   -0.7367    -0.8990    -0.1280    -0.3986     0.2715    -0.2951 

3) V*D*V^t=A :
    0.9137     0.4441     0.2102    -0.8920    -0.9916    -0.6027 
    0.4441     0.7751    -0.0672    -0.0769     0.3170    -0.0586 
    0.2102    -0.0672    -0.4757    -0.0008    -0.3080    -0.5368 
   -0.8920    -0.0769    -0.0008     0.2088     0.4502     0.8193 
   -0.9916     0.3170    -0.3080     0.4502     0.4655    -0.1549 
   -0.6027    -0.0586    -0.5368     0.8193    -0.1549    -0.5109 

