--------------------TASK A---------------
'Random' original symmetric matrix, A:
   -0.0444    -0.1125    -0.3089    -0.4428    -0.1629     0.6413 
   -0.1125     0.9707    -0.6242     0.8853     0.9647    -0.4467 
   -0.3089    -0.6242    -0.6604    -0.7661    -0.9014    -0.6716 
   -0.4428     0.8853    -0.7661     0.7030    -0.3634     0.8980 
   -0.1629     0.9647    -0.9014    -0.3634    -0.9033     0.8243 
    0.6413    -0.4467    -0.6716     0.8980     0.8243     0.9841 

D is the diagonal matrix with eigenvalues:
   -2.3347    -0.0000     0.0000     0.0000    -0.0000    -0.0000 
    0.0000    -1.1345    -0.0000     0.0000     0.0000    -0.0000 
    0.0000    -0.0000    -0.3058     0.0000     0.0000    -0.0000 
    0.0000     0.0000     0.0000     0.5797     0.0000    -0.0000 
   -0.0000     0.0000     0.0000     0.0000     1.6184     0.0000 
   -0.0000     0.0000    -0.0000    -0.0000     0.0000     2.6268 

1) V^t*V=1 :
    1.0000     0.0000     0.0000     0.0000    -0.0000     0.0000 
    0.0000     1.0000     0.0000     0.0000     0.0000    -0.0000 
    0.0000     0.0000     1.0000    -0.0000     0.0000     0.0000 
    0.0000     0.0000    -0.0000     1.0000    -0.0000     0.0000 
   -0.0000     0.0000     0.0000    -0.0000     1.0000     0.0000 
    0.0000    -0.0000     0.0000     0.0000     0.0000     1.0000 

2) V^t*A*V=D:
    0.8400     0.3885    -0.7031    -0.2298     0.9272     0.2547 
    0.3885     0.0766     0.2434    -0.1024     1.0504    -0.3503 
   -0.7031     0.2434    -1.0404     1.3006     0.9073    -0.5708 
   -0.2298    -0.1024     1.3006     0.0644    -0.0481     0.2156 
    0.9272     1.0504     0.9073    -0.0481     0.4821    -1.1504 
    0.2547    -0.3503    -0.5708     0.2156    -1.1504     0.6271 

3) V*D*V^t=A :
   -0.0444    -0.1125    -0.3089    -0.4428    -0.1629     0.6413 
   -0.1125     0.9707    -0.6242     0.8853     0.9647    -0.4467 
   -0.3089    -0.6242    -0.6604    -0.7661    -0.9014    -0.6716 
   -0.4428     0.8853    -0.7661     0.7030    -0.3634     0.8980 
   -0.1629     0.9647    -0.9014    -0.3634    -0.9033     0.8243 
    0.6413    -0.4467    -0.6716     0.8980     0.8243     0.9841 

