====================
====  TASK A.1  ====
====================

This is the original A matrix:
    0.6487     0.1769     3.2744     1.8007 
    2.0604     2.3860     3.9862     0.6375 
    1.6368     2.8320     4.1295     3.9801 
    2.5619     1.2031     0.4073     3.8444 
    4.7839     4.3732     2.8635     0.1064 
    1.3921     0.9091     0.7723     2.2496 

This is the matrix Q:
    0.1042    -0.2142     0.8616    -0.1442 
    0.3311     0.2768     0.3550    -0.3109 
    0.2630     0.7112     0.1454     0.5948 
    0.4116    -0.5811     0.0006     0.5180 
    0.7687     0.0306    -0.3305    -0.4142 
    0.2237    -0.1818     0.0367     0.2981 

This is Qt*Q:
    1.0000     0.0000    -0.0000     0.0000 
    0.0000     1.0000    -0.0000     0.0000 
   -0.0000    -0.0000     1.0000    -0.0000 
    0.0000     0.0000    -0.0000     1.0000 

This is R which is upper triangular:
    6.2235     5.6134     5.2886     3.6131 
    0.0000     1.9061     3.0496    -0.0181 
    0.0000     0.0000     3.9188     2.4060 
    0.0000     0.0000     0.0000     4.5276 

This is Q*R (should be same as original A):
    0.6487     0.1769     3.2744     1.8007 
    2.0604     2.3860     3.9862     0.6375 
    1.6368     2.8320     4.1295     3.9801 
    2.5619     1.2031     0.4073     3.8444 
    4.7839     4.3732     2.8635     0.1064 
    1.3921     0.9091     0.7723     2.2496 

