--------------------A---------------
Original A matrix:
    1.8661     1.6984     1.1462 
    4.4654     3.3170     0.4815 
    4.7673     0.7744     4.7951 
    2.6764     2.6723     1.9494 
    3.1196     2.8363     2.3183 

Q:
    0.2350     0.2180     0.1448 
    0.5624     0.2424    -0.7868 
    0.6004    -0.7752     0.1909 
    0.3371     0.4010     0.3969 
    0.3929     0.3633     0.4074 

Qt*Q:
    1.0000    -0.0000    -0.0000 
   -0.0000     1.0000     0.0000 
   -0.0000     0.0000     1.0000 

Upper triangular part: R:
    7.9400     4.7447     4.9872 
    0.0000     2.6759    -1.7267 
    0.0000     0.0000     2.4208 

 Q*R, equivalent to A:
    1.8661     1.6984     1.1462 
    4.4654     3.3170     0.4815 
    4.7673     0.7744     4.7951 
    2.6764     2.6723     1.9494 
    3.1196     2.8363     2.3183 

