====================
====  TASK A.1  ====
====================

This is the original A matrix:
    4.8167     1.6040     4.3521     0.3390 
    2.9895     4.6419     0.8446     1.8963 
    3.1496     3.0089     0.1415     4.7697 
    3.2721     0.8361     3.6762     4.2188 
    0.6180     1.6759     3.8612     3.3433 
    0.8492     3.4214     0.1980     4.9332 

This is the matrix Q:
    0.6563    -0.3785     0.1066    -0.4047 
    0.4073     0.5439    -0.1505    -0.5021 
    0.4291     0.1711    -0.4357     0.4672 
    0.4458    -0.3113     0.2221     0.5155 
    0.0842     0.2654     0.8499     0.0420 
    0.1157     0.6036     0.0668     0.3135 

This is Qt*Q:
    1.0000    -0.0000     0.0000     0.0000 
   -0.0000     1.0000    -0.0000     0.0000 
    0.0000    -0.0000     1.0000    -0.0000 
    0.0000     0.0000    -0.0000     1.0000 

This is R which is upper triangular:
    7.3394     5.1443     5.2479     5.7748 
    0.0000     4.6822    -1.1635     4.2713 
    0.0000     0.0000     4.3866     1.7807 
    0.0000     0.0000     0.0000     5.0010 

This is Q*R (should be same as original A):
    4.8167     1.6040     4.3521     0.3390 
    2.9895     4.6419     0.8446     1.8963 
    3.1496     3.0089     0.1415     4.7697 
    3.2721     0.8361     3.6762     4.2188 
    0.6180     1.6759     3.8612     3.3433 
    0.8492     3.4214     0.1980     4.9332 

