--------------------A---------------
Original A matrix:
    4.8925     1.5952     1.0244 
    2.1253     0.0990     4.4135 
    1.9584     1.2318     3.3379 
    4.5971     2.0479     1.8317 
    1.9593     1.0545     1.5996 

Q:
    0.6466    -0.2772    -0.4592 
    0.2809    -0.7156     0.6112 
    0.2588     0.4835     0.6087 
    0.6075     0.2897    -0.1259 
    0.2589     0.3055     0.1709 

Qt*Q:
    1.0000    -0.0000     0.0000 
   -0.0000     1.0000     0.0000 
    0.0000     0.0000     1.0000 

Upper triangular part: R:
    7.5671     2.8952     4.2927 
    0.0000     0.9979    -0.8091 
    0.0000     0.0000     4.3014 

 Q*R, equivalent to A:
    4.8925     1.5952     1.0244 
    2.1253     0.0990     4.4135 
    1.9584     1.2318     3.3379 
    4.5971     2.0479     1.8317 
    1.9593     1.0545     1.5996 

