--------------------A---------------
Original A matrix:
    2.2529     4.8744     1.0922 
    2.1094     1.2184     4.4811 
    4.1278     3.1043     0.7394 
    2.1038     1.0653     0.2696 
    0.5978     2.2559     1.3835 

Matrix Q:
    0.4024     0.7704    -0.0692 
    0.3768    -0.2257     0.8807 
    0.7373    -0.2379    -0.3480 
    0.3758    -0.2675    -0.1958 
    0.1068     0.4769     0.2452 

Qt*Q:
    1.0000    -0.0000    -0.0000 
   -0.0000     1.0000    -0.0000 
   -0.0000    -0.0000     1.0000 

R which is upper triangular:
    5.5988     5.3502     2.9219 
    0.0000     3.5327     0.2418 
    0.0000     0.0000     3.9001 

 Q*R, should be equal to A:
    2.2529     4.8744     1.0922 
    2.1094     1.2184     4.4811 
    4.1278     3.1043     0.7394 
    2.1038     1.0653     0.2696 
    0.5978     2.2559     1.3835 

