--------------------A---------------
Original A matrix:
    4.7111     0.2462     1.2748 
    3.2707     3.4300     0.5138 
    2.1529     3.9902     3.0779 
    4.4600     2.8112     1.8454 
    1.5213     0.9565     0.1379 

Q:
    0.6096    -0.6258     0.2486 
    0.4232     0.3777    -0.7005 
    0.2786     0.6804     0.6209 
    0.5771     0.0500     0.0354 
    0.1968     0.0165    -0.2462 

Qt*Q:
    1.0000    -0.0000    -0.0000 
   -0.0000     1.0000    -0.0000 
   -0.0000    -0.0000     1.0000 

Upper triangular part: R:
    7.7288     4.5236     2.9439 
    0.0000     4.0127     1.5850 
    0.0000     0.0000     1.8995 

 Q*R, equivalent to A:
    4.7111     0.2462     1.2748 
    3.2707     3.4300     0.5138 
    2.1529     3.9902     3.0779 
    4.4600     2.8112     1.8454 
    1.5213     0.9565     0.1379 

