--------------------B---------------
This is the original A matrix:
    4.7438     2.1974     4.3652     1.9622 
    3.6125     3.2403     4.7748     1.8050 
    1.2676     2.4079     3.1284     0.0090 
    0.5498     0.2507     4.8408     3.2002 

Q*R=A :
    4.7438     2.1974     4.3652     1.9622 
    3.6125     3.2403     4.7748     1.8050 
    1.2676     2.4079     3.1284     0.0090 
    0.5498     0.2507     4.8408     3.2002 

B:
    0.4405    -0.2796    -0.0141    -0.1124 
   -0.7167     1.1133    -0.4093    -0.1873 
    0.3749    -0.7468     0.6431     0.1895 
   -0.5866     1.0904    -0.9383     0.0598 

A*B:
    1.0000     0.0000     0.0000    -0.0000 
   -0.0000     1.0000    -0.0000     0.0000 
   -0.0000     0.0000     1.0000    -0.0000 
   -0.0000     0.0000    -0.0000     1.0000 

B*A:
    1.0000    -0.0000    -0.0000    -0.0000 
    0.0000     1.0000     0.0000     0.0000 
    0.0000     0.0000     1.0000    -0.0000 
    0.0000    -0.0000     0.0000     1.0000 

