--------------------B---------------
This is the original A matrix:
    4.1818     4.7067     2.4232     3.8390 
    4.0477     1.3325     1.8509     3.5436 
    3.9132     0.9199     3.7327     0.4788 
    3.7072     0.4595     1.7070     0.0947 

Q*R=A :
    4.1818     4.7067     2.4232     3.8390 
    4.0477     1.3325     1.8509     3.5436 
    3.9132     0.9199     3.7327     0.4788 
    3.7072     0.4595     1.7070     0.0947 

B:
   -0.0112     0.0307    -0.2354     0.4974 
    0.3129    -0.3303    -0.0828     0.0952 
   -0.0556     0.0017     0.5323    -0.5010 
   -0.0758     0.3705     0.0220    -0.3422 

A*B:
    1.0000     0.0000     0.0000    -0.0000 
   -0.0000     1.0000     0.0000    -0.0000 
    0.0000     0.0000     1.0000    -0.0000 
   -0.0000    -0.0000     0.0000     1.0000 

B*A:
    1.0000    -0.0000    -0.0000    -0.0000 
    0.0000     1.0000    -0.0000    -0.0000 
    0.0000     0.0000     1.0000     0.0000 
    0.0000     0.0000     0.0000     1.0000 

